255 255 255 255 255 255 255 255 255 255 255 255 255 255 255 255
255 214 152 152 152 152 152 152 152 152 152 152 152 152 214 255
255 152   0   0   0   0   0   0   0   0   0   0   0   0 152 255
255 152   0   0   0   0   0   0   0   0   0   0   0   0 152 255
255 152   0   0  10  49  49  49  49  49  49  10   0   0 152 255
255 152   0   0  49 240 240 240 170 234 240  49   0   0 152 255
255 152   0   0  49 240 209 181  80 192 240  49   0   0 152 255
255 152   0   0  49 229  16   0   0  76 239  49   0   0 152 255
255 152   0   0  49 214   0   0   0 110 240  49   0   0 152 255
255 152   0   0  49 239  47   0   0  16 232  49   0   0 152 255
255 152   0   0  49 240 204 128 137 179 240  49   0   0 152 255
255 152   0   0  10  49  49  49  49  49  49  10   0   0 152 255
255 152   0   0   0   0   0   0   0   0   0   0   0   0 152 255
255 152   0   0   0   0   0   0   0   0   0   0   0   0 152 255
255 214 152 152 152 152 152 152 152 152 152 152 152 152 214 255
255 255 255 255 255 255 255 255 255 255 255 255 255 255 255 255
255 255 255 255 255 255 255 255 255 255 255 255 255 255 255 255
255 214 152 152 152 152 152 152 152 152 152 152 152 152 214 255
255 152   0   0   0   0   0   0   0   0   0   0   0   0 152 255
255 152   0   0   0   0   0   0   0   0   0   0   0   0 152 255
255 152   0   0  10  49  49  49  49  49  49  10   0   0 152 255
255 152   0   0  49 240 240 240 170 234 240  49   0   0 152 255
255 152   0   0  49 240 209 181  80 192 240  49   0   0 152 255
255 152   0   0  49 229  16   0   0  76 239  49   0   0 152 255
255 152   0   0  49 214   0   0   0 110 240  49   0   0 152 255
255 152   0   0  49 239  47   0   0  16 232  49   0   0 152 255
255 152   0   0  49 240 204 128 137 179 240  49   0   0 152 255
255 152   0   0  10  49  49  49  49  49  49  10   0   0 152 255
255 152   0   0   0   0   0   0   0   0   0   0   0   0 152 255
255 152   0   0   0   0   0   0   0   0   0   0   0   0 152 255
255 214 152 152 152 152 152 152 152 152 152 152 152 152 214 255
255 255 255 255 255 255 255 255 255 255 255 255 255 255 255 255
255 255 255 255 255 255 255 255 255 255 255 255 255 255 255 255
255 214 152 152 152 152 152 152 152 152 152 152 152 152 214 255
255 152   0   0   0   0   0   0   0   0   0   0   0   0 152 255
255 152   0   0   0   0   0   0   0   0   0   0   0   0 152 255
255 152   0   0  10  49  49  49  49  49  49  10   0   0 152 255
255 152   0   0  49 240 240 240 170 234 240  49   0   0 152 255
255 152   0   0  49 240 209 181  80 192 240  49   0   0 152 255
255 152   0   0  49 229  16   0   0  76 239  49   0   0 152 255
255 152   0   0  49 214   0   0   0 110 240  49   0   0 152 255
255 152   0   0  49 239  47   0   0  16 232  49   0   0 152 255
255 152   0   0  49 240 204 128 137 179 240  49   0   0 152 255
255 152   0   0  10  49  49  49  49  49  49  10   0   0 152 255
255 152   0   0   0   0   0   0   0   0   0   0   0   0 152 255
255 152   0   0   0   0   0   0   0   0   0   0   0   0 152 255
255 214 152 152 152 152 152 152 152 152 152 152 152 152 214 255
255 255 255 255 255 255 255 255 255 255 255 255 255 255 255 255

255 255 255 255 255 255 255 255 255 255 255 255 255 255 255 255
255 214 152 152 152 152 152 152 152 152 152 152 152 152 214 255
255 152   0   0   0   0   0   0   0   0   0   0   0   0 152 255
255 152   0   0   0   0   0   0   0   0   0   0   0   0 152 255
255 152   0   0  10  49  49  49  49  49  49  10   0   0 152 255
255 152   0   0  49 240 240 239 240 232 240  49   0   0 152 255
255 152   0   0  49 234 192  76 110  16 179  49   0   0 152 255
255 152   0   0  49 170  80   0   0   0 137  49   0   0 152 255
255 152   0   0  49 240 181   0   0   0 128  49   0   0 152 255
255 152   0   0  49 240 209  16   0  47 204  49   0   0 152 255
255 152   0   0  49 240 240 229 214 239 240  49   0   0 152 255
255 152   0   0  10  49  49  49  49  49  49  10   0   0 152 255
255 152   0   0   0   0   0   0   0   0   0   0   0   0 152 255
255 152   0   0   0   0   0   0   0   0   0   0   0   0 152 255
255 214 152 152 152 152 152 152 152 152 152 152 152 152 214 255
255 255 255 255 255 255 255 255 255 255 255 255 255 255 255 255
255 255 255 255 255 255 255 255 255 255 255 255 255 255 255 255
255 214 152 152 152 152 152 152 152 152 152 152 152 152 214 255
255 152   0   0   0   0   0   0   0   0   0   0   0   0 152 255
255 152   0   0   0   0   0   0   0   0   0   0   0   0 152 255
255 152   0   0  10  49  49  49  49  49  49  10   0   0 152 255
255 152   0   0  49 240 240 239 240 232 240  49   0   0 152 255
255 152   0   0  49 234 192  76 110  16 179  49   0   0 152 255
255 152   0   0  49 170  80   0   0   0 137  49   0   0 152 255
255 152   0   0  49 240 181   0   0   0 128  49   0   0 152 255
255 152   0   0  49 240 209  16   0  47 204  49   0   0 152 255
255 152   0   0  49 240 240 229 214 239 240  49   0   0 152 255
255 152   0   0  10  49  49  49  49  49  49  10   0   0 152 255
255 152   0   0   0   0   0   0   0   0   0   0   0   0 152 255
255 152   0   0   0   0   0   0   0   0   0   0   0   0 152 255
255 214 152 152 152 152 152 152 152 152 152 152 152 152 214 255
255 255 255 255 255 255 255 255 255 255 255 255 255 255 255 255
255 255 255 255 255 255 255 255 255 255 255 255 255 255 255 255
255 214 152 152 152 152 152 152 152 152 152 152 152 152 214 255
255 152   0   0   0   0   0   0   0   0   0   0   0   0 152 255
255 152   0   0   0   0   0   0   0   0   0   0   0   0 152 255
255 152   0   0  10  49  49  49  49  49  49  10   0   0 152 255
255 152   0   0  49 240 240 239 240 232 240  49   0   0 152 255
255 152   0   0  49 234 192  76 110  16 179  49   0   0 152 255
255 152   0   0  49 170  80   0   0   0 137  49   0   0 152 255
255 152   0   0  49 240 181   0   0   0 128  49   0   0 152 255
255 152   0   0  49 240 209  16   0  47 204  49   0   0 152 255
255 152   0   0  49 240 240 229 214 239 240  49   0   0 152 255
255 152   0   0  10  49  49  49  49  49  49  10   0   0 152 255
255 152   0   0   0   0   0   0   0   0   0   0   0   0 152 255
255 152   0   0   0   0   0   0   0   0   0   0   0   0 152 255
255 214 152 152 152 152 152 152 152 152 152 152 152 152 214 255
255 255 255 255 255 255 255 255 255 255 255 255 255 255 255 255

255 255 255 255 255 255 255 255 255 255 255 255 255 255 255 255
255 214 152 152 152 152 152 152 152 152 152 152 152 152 214 255
255 152   0   0   0   0   0   0   0   0   0   0   0   0 152 255
255 152   0   0   0   0   0   0   0   0   0   0   0   0 152 255
255 152   0   0  10  49  49  49  49  49  49  10   0   0 152 255
255 152   0   0  49 240 179 137 128 204 240  49   0   0 152 255
255 152   0   0  49 232  16   0   0  47 239  49   0   0 152 255
255 152   0   0  49 240 110   0   0   0 214  49   0   0 152 255
255 152   0   0  49 239  76   0   0  16 229  49   0   0 152 255
255 152   0   0  49 240 192  80 181 209 240  49   0   0 152 255
255 152   0   0  49 240 234 170 240 240 240  49   0   0 152 255
255 152   0   0  10  49  49  49  49  49  49  10   0   0 152 255
255 152   0   0   0   0   0   0   0   0   0   0   0   0 152 255
255 152   0   0   0   0   0   0   0   0   0   0   0   0 152 255
255 214 152 152 152 152 152 152 152 152 152 152 152 152 214 255
255 255 255 255 255 255 255 255 255 255 255 255 255 255 255 255
255 255 255 255 255 255 255 255 255 255 255 255 255 255 255 255
255 214 152 152 152 152 152 152 152 152 152 152 152 152 214 255
255 152   0   0   0   0   0   0   0   0   0   0   0   0 152 255
255 152   0   0   0   0   0   0   0   0   0   0   0   0 152 255
255 152   0   0  10  49  49  49  49  49  49  10   0   0 152 255
255 152   0   0  49 240 179 137 128 204 240  49   0   0 152 255
255 152   0   0  49 232  16   0   0  47 239  49   0   0 152 255
255 152   0   0  49 240 110   0   0   0 214  49   0   0 152 255
255 152   0   0  49 239  76   0   0  16 229  49   0   0 152 255
255 152   0   0  49 240 192  80 181 209 240  49   0   0 152 255
255 152   0   0  49 240 234 170 240 240 240  49   0   0 152 255
255 152   0   0  10  49  49  49  49  49  49  10   0   0 152 255
255 152   0   0   0   0   0   0   0   0   0   0   0   0 152 255
255 152   0   0   0   0   0   0   0   0   0   0   0   0 152 255
255 214 152 152 152 152 152 152 152 152 152 152 152 152 214 255
255 255 255 255 255 255 255 255 255 255 255 255 255 255 255 255
255 255 255 255 255 255 255 255 255 255 255 255 255 255 255 255
255 214 152 152 152 152 152 152 152 152 152 152 152 152 214 255
255 152   0   0   0   0   0   0   0   0   0   0   0   0 152 255
255 152   0   0   0   0   0   0   0   0   0   0   0   0 152 255
255 152   0   0  10  49  49  49  49  49  49  10   0   0 152 255
255 152   0   0  49 240 179 137 128 204 240  49   0   0 152 255
255 152   0   0  49 232  16   0   0  47 239  49   0   0 152 255
255 152   0   0  49 240 110   0   0   0 214  49   0   0 152 255
255 152   0   0  49 239  76   0   0  16 229  49   0   0 152 255
255 152   0   0  49 240 192  80 181 209 240  49   0   0 152 255
255 152   0   0  49 240 234 170 240 240 240  49   0   0 152 255
255 152   0   0  10  49  49  49  49  49  49  10   0   0 152 255
255 152   0   0   0   0   0   0   0   0   0   0   0   0 152 255
255 152   0   0   0   0   0   0   0   0   0   0   0   0 152 255
255 214 152 152 152 152 152 152 152 152 152 152 152 152 214 255
255 255 255 255 255 255 255 255 255 255 255 255 255 255 255 255

255 255 255 255 255 255 255 255 255 255 255 255 255 255 255 255
255 214 152 152 152 152 152 152 152 152 152 152 152 152 214 255
255 152   0   0   0   0   0   0   0   0   0   0   0   0 152 255
255 152   0   0   0   0   0   0   0   0   0   0   0   0 152 255
255 152   0   0  10  49  49  49  49  49  49  10   0   0 152 255
255 152   0   0  49 240 239 214 229 240 240  49   0   0 152 255
255 152   0   0  49 204  47   0  16 209 240  49   0   0 152 255
255 152   0   0  49 128   0   0   0 181 240  49   0   0 152 255
255 152   0   0  49 137   0   0   0  80 170  49   0   0 152 255
255 152   0   0  49 179  16 110  76 192 234  49   0   0 152 255
255 152   0   0  49 240 232 240 239 240 240  49   0   0 152 255
255 152   0   0  10  49  49  49  49  49  49  10   0   0 152 255
255 152   0   0   0   0   0   0   0   0   0   0   0   0 152 255
255 152   0   0   0   0   0   0   0   0   0   0   0   0 152 255
255 214 152 152 152 152 152 152 152 152 152 152 152 152 214 255
255 255 255 255 255 255 255 255 255 255 255 255 255 255 255 255
255 255 255 255 255 255 255 255 255 255 255 255 255 255 255 255
255 214 152 152 152 152 152 152 152 152 152 152 152 152 214 255
255 152   0   0   0   0   0   0   0   0   0   0   0   0 152 255
255 152   0   0   0   0   0   0   0   0   0   0   0   0 152 255
255 152   0   0  10  49  49  49  49  49  49  10   0   0 152 255
255 152   0   0  49 240 239 214 229 240 240  49   0   0 152 255
255 152   0   0  49 204  47   0  16 209 240  49   0   0 152 255
255 152   0   0  49 128   0   0   0 181 240  49   0   0 152 255
255 152   0   0  49 137   0   0   0  80 170  49   0   0 152 255
255 152   0   0  49 179  16 110  76 192 234  49   0   0 152 255
255 152   0   0  49 240 232 240 239 240 240  49   0   0 152 255
255 152   0   0  10  49  49  49  49  49  49  10   0   0 152 255
255 152   0   0   0   0   0   0   0   0   0   0   0   0 152 255
255 152   0   0   0   0   0   0   0   0   0   0   0   0 152 255
255 214 152 152 152 152 152 152 152 152 152 152 152 152 214 255
255 255 255 255 255 255 255 255 255 255 255 255 255 255 255 255
255 255 255 255 255 255 255 255 255 255 255 255 255 255 255 255
255 214 152 152 152 152 152 152 152 152 152 152 152 152 214 255
255 152   0   0   0   0   0   0   0   0   0   0   0   0 152 255
255 152   0   0   0   0   0   0   0   0   0   0   0   0 152 255
255 152   0   0  10  49  49  49  49  49  49  10   0   0 152 255
255 152   0   0  49 240 239 214 229 240 240  49   0   0 152 255
255 152   0   0  49 204  47   0  16 209 240  49   0   0 152 255
255 152   0   0  49 128   0   0   0 181 240  49   0   0 152 255
255 152   0   0  49 137   0   0   0  80 170  49   0   0 152 255
255 152   0   0  49 179  16 110  76 192 234  49   0   0 152 255
255 152   0   0  49 240 232 240 239 240 240  49   0   0 152 255
255 152   0   0  10  49  49  49  49  49  49  10   0   0 152 255
255 152   0   0   0   0   0   0   0   0   0   0   0   0 152 255
255 152   0   0   0   0   0   0   0   0   0   0   0   0 152 255
255 214 152 152 152 152 152 152 152 152 152 152 152 152 214 255
255 255 255 255 255 255 255 255 255 255 255 255 255 255 255 255
